173
55
24
196
208
162
89
154
128
103
203
185
176
221
57
175
194
95
94
155
75
240
250
66
2
44
31
29
244
27
195
26
54
82
85
135
242
189
237
115
166
167
141
59
25
230
234
238
233
69
133
87
112
171
32
1
214
14
251
43
220
131
182
201
72
206
23
121
91
49
252
225
64
187
122
20
93
106
253
132
249
139
33
142
235
34
218
51
191
6
204
68
177
76
18
17
158
202
205
207
255
116
153
9
109
149
77
243
147
104
169
143
52
119
197
39
101
150
239
113
248
67
74
140
198
130
188
146
8
212
125
61
79
50
229
35
174
236
199
81
123
42
83
111
224
164
127
108
165
105
117
159
216
102
7
19
213
209
96
151
245
200
5
231
145
148
40
41
184
110
186
53
215
0
136
15
12
92
232
222
241
217
62
254
168
11
170
73
126
37
247
88
219
211
16
30
3
114
124
138
161
63
97
10
90
98
65
99
4
157
227
193
129
156
56
172
152
181
86
192
60
13
179
228
144
71
246
210
223
134
45
163
178
48
46
84
137
38
47
118
21
180
36
107
28
160
226
190
120
80
22
58
70
78
183
100