45
237
249
56
126
108
162
9
254
247
74
27
119
122
89
3
210
218
212
79
156
71
240
161
176
60
142
183
141
114
138
253
85
90
215
94
198
36
82
51
136
217
252
221
48
143
100
52
25
195
21
170
193
20
169
134
182
5
41
75
150
155
65
34
180
192
205
18
102
121
47
186
64
132
50
59
246
123
178
139
17
88
167
214
38
106
188
68
46
165
120
245
44
66
54
187
241
10
104
69
23
196
84
92
31
53
191
76
15
174
166
211
24
91
118
213
128
28
149
63
70
111
73
171
234
67
22
117
194
235
179
26
98
172
77
153
35
144
86
147
130
199
49
107
168
244
159
124
239
232
160
33
101
189
231
228
19
96
146
7
201
163
127
129
115
99
216
224
227
1
61
103
229
222
4
209
78
250
248
112
238
72
30
116
0
58
133
80
95
207
83
190
236
184
62
6
177
173
105
219
97
233
40
200
226
197
157
203
2
12
185
93
135
110
242
125
225
230
87
8
81
158
113
57
164
152
204
32
243
148
16
206
37
154
181
145
251
220
43
109
140
223
208
151
255
42
55
14
13
175
131
202
11
39
29
137