178
133
73
84
44
72
157
95
12
8
179
201
63
59
17
152
6
114
218
53
122
10
250
20
23
188
71
31
11
107
131
1
110
74
13
93
42
116
135
138
203
227
153
198
228
229
166
65
165
217
136
146
243
115
68
186
251
195
103
32
143
155
254
24
77
246
14
175
249
15
223
164
235
185
43
57
87
159
49
239
124
222
27
134
187
204
240
33
96
183
62
226
180
169
108
21
242
221
117
76
69
127
94
99
219
156
82
202
137
67
83
98
126
213
22
193
205
105
4
9
140
46
232
192
35
58
26
102
80
56
247
47
123
19
86
196
30
97
173
41
119
197
89
38
2
64
5
51
182
139
101
16
231
88
255
241
158
132
160
210
3
216
113
92
150
85
245
111
106
121
141
200
52
248
128
104
184
172
149
244
191
40
171
167
154
147
237
100
54
78
36
161
163
211
37
215
60
145
45
230
125
91
212
18
224
168
29
7
112
28
206
90
253
238
120
252
130
75
234
25
142
129
48
170
208
190
39
189
162
148
176
236
79
151
55
81
177
181
233
0
66
118
214
207
174
109
50
220
34
70
225
194
61
209
199
144