81
93
249
154
231
109
99
164
126
247
152
243
112
86
246
91
228
50
211
85
25
254
194
41
13
232
51
107
10
56
20
59
144
97
145
135
205
127
220
55
37
196
190
239
29
61
46
149
2
202
77
138
45
92
203
69
128
158
122
4
35
210
131
219
120
121
221
119
1
102
236
82
57
213
240
226
118
187
227
54
108
177
105
114
179
16
161
148
165
153
156
88
87
162
241
235
64
189
217
201
163
142
130
0
83
8
63
117
60
3
78
80
96
200
216
174
101
106
89
140
76
5
74
62
116
7
104
53
141
70
17
181
218
197
230
199
49
225
175
19
143
147
75
170
238
132
237
129
18
65
209
183
9
171
212
248
222
192
44
6
98
73
245
160
15
151
34
166
157
113
79
67
11
182
250
125
27
207
139
111
40
176
214
124
167
223
95
206
32
58
208
255
100
94
186
204
234
193
242
39
198
195
66
31
103
133
233
244
68
178
115
123
84
137
52
252
185
146
251
224
253
155
71
24
72
28
26
12
169
22
172
191
136
33
173
188
30
90
21
180
215
184
14
159
150
134
47
23
110
229
38
42
168
43
36
48